fp
1750.8
