fp
1507.6
