fcp
1388.7
